1415023   |  2 |
| 1504113   |  2 |
| 1307032   |  2 |
| 1401213   |  2 |
| 1406032   |  2 |
| 1505033   |  2 |
| 1307053   |  2 |
| 1401242   |  2 |
| 1406043   |  2 |
| 1408013   |  2 |
| 1415043   |  2 |
| 1308033   |  2 |
| 1402022   |  2 |
| 1308043   |  2 |
| 1402032   |  2 |
| 1410052   |  2 |
| 1502012   |  2 |
| 1236053   |  2 |
| 1507022   |  2 |
| 1308053   |  2 |
| 1402102   |  2 |
| 1237013   |  2 |
| 1507033   |  2 |
| 1514093   |  2 |
| 1402112   |  2 |
| 1508063   |  2 |
| 1309023   |  2 |
| 1515023   |  2 |
| 1402203   |  2 |
| 1410092   |  2 |
| 1310013   |  2 |
| 1517012   |  2 |
| 1410104   |  2 |
| 1509043   |  2 |
| 1310023   |  2 |
| 1517033   |  2 |
| 1403072   |  2 |
| 1411013   |  2 |
| 5В072000  |  2 |
| 1503122   |  2 |
| 1303043   |  2 |
| 1509053   |  2 |
| 1310033   |  2 |
| 1403082   |  2 |
| 1412022   |  2 |
| 1504012   |  2 |
| 1510012   |  2 |
| 1412062   |  2 |
| 1504032   |  2 |
| 1510043   |  2 |
| 1310063   |  2 |
| 1412093   |  2 |
| 1504042   |  2 |
| 1305023   |  2 |
| 1504052   |  2 |
| 1305033   |  2 |
| 1401022   |  2 |
| 1404022   |  2 |
| 1413033   |  2 |
| 1504062   |  2 |
| 1306052   |  2 |
| 1511033   |  2 |
| 1401042   |  2 |
| 1405032   |  2 |
| 1414063   |  2 |
| 1504102   |  2 |
| 1306113   |  2 |
| 5В050800  |  2 |
| 1401052   |  2 |
| 1406022   |  2 |

